13113111311331113111. 683

113311 1111113111 431,22, 13313 011 3311111313 28416 (cf. 013313. ad
111111ξ13531331113111 corpora ¹sagaci mffinffiss &⁸¹22ss2le 111,
111111313334,19.111111111331- 11131111111 . .
1111118113111191113, 1. 1311133 m {cmg⁰ 111 11311131111161. 111
11, 3. 11, 33 33, ac. 3111. 113. 33 3. 3113.
lux 1. q. 1113 131131, 3. 13113 33, 3. 31. 33, 13. 31, to. 33, 31.
211, 16. 221, 4. 266, 21. 283, 6. 13, 1. 14, 2. 13, 24. 16. 22. 11.
384, 3. 410, 20. 411, 13. 41416. 11. 81, 12. 81, 10. 90, 20. 91, 6.
411, 22. 419, 4. 28. 4831. 493, 93, 1. 95, 11. 98, 3 etc.
12. — 1133111313 iactis 01132, magnac uir 143, 21
2. 111 3131111 103, 3. cs. 20,2113131(13.11111)Ι 414, 21.. 131311 (cn
1621. 23 ,4. 46316311311111 marcrici) 31111 11313 iolla 111-
436, 20. cultra 11331 1113313113 111- 13133331 1313 3 , 11
33111 01144, 2. Epiphanius lux 1313113133 ,3 ι
111111111113111113 c, 113111 Ἢῗῖξωωῗὶ1111111311 111
448, 4, uerborum 453, 10. cf. 425, ulna 16, 2. 21, 10. 92, 4, 1313 321,
1111311611 arentia 405,3 114191111Ἐ11ῃ1118111111111 111,
1911111 ..1111 225222125132233
331311132314. 1, 24. 54,3
Macran 131 cua 33, 13. ef. 108, 111311111131111113, 3 1 1 13
15.117,19. 233, 2. 35211. ma 1311 1311313133 100,1. 160, 23.
ceratia corporibus 349, 12 , 13, 1. 131313 421, 16
machina 1. q. acdiflcinm 318, 5. 431, 1311113113 83, 12
2.. 431, 9. Ι 1311113133,13111,1311333133,11.
Ὕ11ῗ11116ῗ11311111111ῗ 31813131111111.11611
113311143114446, 11. cf. 102, 1313331333.3311111313,1333113131
8. 423, 11 311 libera 3111113 1313133111 cb·
13313453, l. 321, 28 acquic? 82, 11. quicquid fauori·
mactandorum 3113113316, 21 obsecutum 331 carano mancipetur
macula: 111131 maculas 1113131 tri· 3633111 109, 3. 1311313 33313133
,. f
1 ’ 13111111
maculatae uernnla terrac 011 33, 3. 433, 11. 449, 12. 412, 29. 481, 16
13311313 sanguineo 1313 figuram mancipium 1131113 64, 4, famia 368,
ω3111131118111111313331111,3 &carpeneta οἷ’ ¹⁰⁰’ Μ’
madida hospicia 0 11 80, 2 mandati 3111136313 dignari 243, 16
maerores 3333111313 235, 9 mandit 11313 111111 333113 0 11 19,
111111110131134, , 3’·1“ὃ”11ῐ11”31’1101111111,
ηη281111,1;Θ 1111113611,Θ Ἑε 111151 32 u, 21¹ es· 13113131 uideo 113133 excidia 31 statu
magistra. 13113 1, 16. 320, 9, 1311 eam 1313113 subnectam 302, 4.
16, 1, 31311133 314, 18, taciturnitas 1111313 tarrac 1111111 fortuna ca·
409,1,31311131(11411,3. 31444, aarum 013, 19. 13111113 331-
23. 431, 3. 528, 11Ι ι 1111113 33113113 413, 23. cf. 306, 1.
magistrare: gladiatorium 3311113111 018, 34 Π 94, 6. Christi gloria
magistrante 3331113 prouidentia manat imperantem 221, 22. 111-

 

