uerborum 01 locutionum 639

0113, 0101ῗο111004. 15. 03110111 8, 8. 1001150οϋ0111 403, 5. 01.
011’,36 louge 446, 1 101 1’16, 3 131, 4. 130, 13. 391, 8.
’1010 33,’1 13 ,13 longiore 451, 1. 11111ιο miserorum 405, 33
4010 01 0110100101 333131111111110 1013111130, 1. 11111
lauritius 31313.”’110010101’316, 1011οω11538, 25. 1110111001101·
31. 1100104535 341, 33 οΠ4, 11110111 3431101 46315411,
3110110111 43318. 1101110410, 10.115110111’0010111501,’19.11011-’
3. 1001010111 118, 3. 0510010 413, 01100 0111οο111 3331101110011
13. 0511 10 103, 15. 199, 22. 05-’ 01011,1”31 1’.’ 1000000110 sumptuum
10111 ,31. 0101049316. optutu 300001151ιο moeroris 119, 1.
433111110οΠ38. 1001110 1110000835. 0500010101
3911412011160119„ 100100 236,16 ’0500110 11110011·
pue 112, ”’5 11001101001,”’1’3. tutis 399,’14. 01101111113111.
10011110’ 111, ”11. 1011151110 538, 111000110’10011111 418, 5. prue-
0001051088, 13 11011 33,6. rupto 01101111 381, 18. 50313.
411, ”13. 1100110101 ,19 pro- ρ1011100111111111131111.1001-
spere· 24, 3. 8. 130, 24. 11310111010111101333111101110011-
01011105’,.33111111’οΠ101,4 ’,1105381.000’10111010130,
011111331. 1011 11100 166, 5. 24. 1001010 dolorum 361, 13. 10·
100110014, 11. 1, 26. sequendo 01110 1110111111 morborum 91, 16.
669.„96614626.CII24,6. 0119..,.,’35834.111433018.
001100013311. 1115111111 38330. 335, 30. 383, 11. 0001100 0011·
110001010043,30.110,331100110 0101111 311, ’3. 1. prosperitatis
365, 16. 1011010 365, 16. 1110111 10314. 00111001100111119,13
349114.431,15.01’6,36.11011- 0. 011111 114, 33 1. opimorum
0010 331, 5. 1101101100 338, 31. 111,4. 1011011864. 3 0. 0111-
uernum 014310101111013,0011’100 101,1. 0 loetitiae 169,
15. 1110101100 30. 23. 11111110 481, 19. 0, 01111 131, 10. 1. orationum
5. 1110111 380, 18. 463 31 450,11.111111010111151110101111
011000110οο001 10010011. pere: 05- 310, 13. 01. 393, 6 011, 35.
rupto itineris 390, 16. obrupto 1101011110 pectoris 16, 33. 11110-
uirtutum 416, 33. 0110 uiscerum 0010 augustiarum 35, 3 331, 22.
0111. 38. umero praecordiorum turbidum 110010111119, 13. 10110
199, 10. 011511111 1051110000 1000110110 1100111110 533, 6 uetito
11111110110 11, 48. 01 233, 11. legio 8, ,13. 1111010011110110 43,
0110011 dictorum 403, 23 01 10 3 01. Wiener Studreu Π 336
101101100100111 460, 5 01. 3 ,14. 0010011110 oduerbiole'tere. 001101
0100100001011181, ’15 0143ομ5 1011111131, 1. 64,Ιο 1 ,4.180,
0101101011101111’190,11. 005111 1. suscipe 100110 011, 1’3. 1001-
salutationis 21, 13 30, 33. 35, 6. pite 501’1”011 ¹256, 13 403, 3. 0010-
000011 litterarum 35133101-10101”1”11011001110010’.Ι4,103
1101113141. 0010111100 0011οο111 effi, 6. 99. 3 30. 163, 30191,
334. 00110010101010101101111 3313. 30. 353, 5. 361,’ 11. 333’
31301101010 regionum 121, 9. 9. 336, 31. 368, 10431, 24 441’
dubium temporie 426, 22. 011511 9. 451, 3. 491, 21 498, 10. 30’
0001111 413, 2. 015111 ualitudinis 011, ’1. 19, ’163 11 13, 4. 11
31, 3. 01. 339. 16. 3111301110 10, 1’ 11 150, 3. ete. oouetruxit
111101111101 31113133 3331 1, 11.
0 11 0310010100 1101111111 51010101001010011110000100101011
398, 26. ’010011011ἱο munerum 118, 0111101 O 13. 11. 01. 351, 13 0
11. 1115001110 humanitatis 221, 33’ 111, 11. 11 16, oete.
1 00101111 493331111οωἰο 111- 0011101110 414,6 0011101110101384,
1111111363131100111110101110 24
elementi 1, 3 1111101 3831001001· Ξ11111011001111 01 metro·

i. periculorum 32, 10. 1101101111 nurum 0100101001110409, 16

 

