ι

1
b
ι
1
.

valm

130,14. 1642 stimme, 10,3 tremibunda, 11, 7. 15,12.
18, 3 11. benificium, 16, 14 11111111] 11911, 22, 20 1111111111,
27, 141111911111111, 27, 2011911111, 28, 19 1111111111, 32,
23 11111911, 42, 7. 427, 16 1119111111, 300, 2 11911111 Β,
1191111111 V, 221, 21 obideuiiam, 38, 12 1111111111111, 15, 20
pcideaii, 16, 17 mimici (L), 23, 1 accipero (BL), 24, 2
11111111 (BLV), 39512111111111, 26, 22 possiderit, 31, 8 bebi·

. 11111111, 43, 24 midabar (V), 62, 11 diuoluiruur (BLTV),

131, 9 diuiuciiouis (BLV); epra i: 4, 2. 18, 12 (31171).
46, 21 9111111111, 9, 1 comessoribus, 9, 8 aduressorem, 12, 1
Adieca, 29, 5 uicessiiudo, 57, 2011111911, 81,31111191111111
3327, 138, 4 deffundere (of. 147,12, 1111111327). 173,

ζ 13 rescinde (BL), 49, 1111111111 (11111111 Β). - in-

primis ipro c anie a, sp, si, sc: 138, 15 apia, 421, 20
frotico, 78, 2, 119, 11. 126,16. 334, 2. 345, 26. 451,17.

, C II 16, 1 111111, 369, 2911111111, 53,5 simplic, 3959111-
1111, 13, 23 (BLV), 99, 12 (BLV). 117,19. 125, 10. 128, 15
(327), 397, 3 disperare disperatio, 5916111191111011, 89,

5. 104, 2. 11213. 257, 10. 405, 13. 412, 7 dispicere, 187, 12.
4432211111911, 128, 1. 14116. 166, 9. 16. 169, 18. 190, 22.
195, 18 1111111111, 157, 5. 198, 16 diditi, 17610 1111111111,
399, 4111111111, 119, 17 1111111111, 420, 10 11119111, 101, 14
domesticis, 106, 13 consuistis, 1, 4 (BLV). 528 (BL). 53, 20
(BL) 11. discribere, 314, 4 discriptoribus pro de scriptoribus
BLV, 16, 1. 24, 5., 28, 8. 89, b. 100, 14. 121, 7. 191, 12.
201, 1. 210, 20 discendere, 443, 16 (1111111111, 1191111111-
quam frequentius quam in icehociiuis 3, 2. 19. 10, 14. 11,
22. 43, 7. 157, 18. 192, 8. 196, 14. 221, 10. 222, 2. 225,
6. 20. 229, 12. 22. 278, 22. 285, 2. 333, 21 111111111111,
rarius addiscere, 394, 20 adsciscimus, 43, 24. 216, 22. 246, ·
8119111111, 48, 1811111111, 422, 1711111111, 387, 1 dari·
1111340424.014,51111111111,220,10111111111111(249,
17. 495, 15 eosic), 4, 14. 106, 25. 126, 10421, 3. 443,
15 111111σὶ11111, 203, 5. 245, 13. 246, 24. 253, 19. 393,
22 conuabisoere, 465, 11 1111111111, 36, 23111111111111, 44, 18
dditisoire (31127), 89, 25 (BV), 208, 3 (BV), 210, 13 (Β
327), 230, 14 (3327), 290, 19 (31127), 423, 5. 456, 22

 

