690

51111111. 5 imperium 265, 17
palatinus 11551101, 15
51111111151111111111151115511111111
4512. sid. 1. declinatio

51151 s'. 5. reemium 282, 1051.
111“111“11111111111“1ι11
susceperat 352, 23

pendere 5551515511151 106, 8, seorsis
113, 7. 11555115 360, 7. es. 82, 4.
0 Π 145. 1

5551551ιῇ91

pingere esrmsu 0 I 9, 3

51511555555553548.019.51151
115 pontifice Romano

51511311111 {u spicum 111111 5151151116

prr 5511115511 3, 9

pergat 21551 tumen 1111 11 511111

pereites 44, 10. 107, 26. 302, 19

51151115 gratie 35. 11. 4441. cf.
265,19.5.15 1511141064518.
5. 15151111 , 10. peres 551·
5555515365, 11. 117, 9. 128, 2. 156,

5115151151 15511115 011, 2. 15-
15115151 5511111511 111111 quibus
similes 51151115 501, 4

parentelae 511151 159, 16

5155511111 15515111 purpurarum 465,

51111 surum 15111 29,15. 11151 51111-
torem domestieum 1511 5555111151
170, 6. 55511151 515 peperit iontem
C 11 20, 2. es. 266, 5. 474, 16.
018, 16 - 511511 s'. . 51111
490, 17. cle, 12351. 11 11115
perenis sorduimus 397, 12. 420, 17.
5315511 (1) eccesie 126, 11. cs.

5111111 93, 14. 145. 4. 314, 21. 356,
6. 416, 9. 452, 20. O I 9, 47

parilitas 400, 22

periisti. q. 111 3632

pers aduersa (i. 5. 51111 11551) 15 11
5115111111 gubernacula 151111111434,

12. 15 us 1115 s'. q. iu qus 15

71, 6. 114.Ι 15. 122, 9. 511151 mess

5515151511555 5115111 110, 4.

tibus 1115 115115 99, 14. ss' 1.

adesse. - 5111551 ex 111 iecere

1511111 11 111111 551151 15511111
1511 semel (11. qui 111111 ps
11111) 0 Π 204551111111111
217.1Ῑ”.21,24.503,1.οΠ63,
10. - pudic. 55151115 resi pst
111551111111 5511111111 electus 111
15151111 situs -51511115111 51
115115115111 51111 prims 51 111
m& ’11111151111 effi m
Gsllsss 515511111, 11 5115 domus
3131331111Ἃῇ
1111115111

5111151115 15115515 1151115511 301, le

psstsinaegfioggssnqifpsgmmm 511
1151511555 165, 18

parturit exultatio 1151111115 367, 25

515551591151111111 11111555 seiungi

51111111 ds persona mediocri 6, 4.
33, 25. 59, 1. 6518. 129,11. 151
518633416431, 5

5151551 filiole 399,11. 5111111 C 11

51111 151111 5551115565 334, 7.
1115Ι 15114151 379, 17. ef. 0112,

5155515 151155111193. 16, p. 1111111
248. 5. cf. 360, 25 395, 21. 11.
11515151 155115 G 11 26. 11 m, 1.
Π71. 1114

5555111111 G I 13, 26

passio 173, 12. 355, 12. 357, 14, 331,
3. 394, 22. 396, 6

51111511 15111 equus 011 109, 1
(leli3 5551111155 gressibus 0 11

15111 imperative· 55 mr.- 55

11131111111111111
producere (1 q. 51511511 15) 15 151-
gum 41, 24

putor 11155 C 11 61, 2

5111511111 303, 19. 412, 19

511111 15511 1151111 430, 17. ps

1111 11 1555151151 O 11 19, 10

- patefieri 5111111555 256, 17

51151 ι’. q. 151155511 25, 14 231, m
putuit tempium iis (111115

15. 51111515511115111551151173, 5111511111 2, 9, 1511551 2515, er }

psffieipsiio 265, 10. 329. 13
5515551111 presseritis 1555 pree·

51115173, 1051 401116, sumtus
011 94, 7, 1111155 6316, ser
515511 infantiam 95, 23, sumis

 

1

