uerborum 911979119999. 685

13. 423,18, 432, 6. 459, 18, 472, 199199911597 neminem 9999 91-
17,0121,11,Π37, 1 7799971979 326, 7 habitatio 799 991
merere 7991 997971 1. ,9999991 15, 917791 991 9999791 312, 4 91-
7. 72, 5. 434, 15. ὅ 11 34, 4. 11' eoendmn 19919999191911719 91799

60191 501, 23, 91. 19,,5 51, 7. 130 10.
nontamen .999799,99.,.79777 799’999’94997,’77’.999,ἶ4
477, 27 389, 23 439, 12. 482, 21. miseere
9919111997 ergenii 91999 9971 aepulare 99119 99799999 799711 9922616

οΠ 11 1 9919119799 979119 7919979119 3, 3. 50, 23, 1, 3. 459,
99979 320, 10 electri 997999 99· 22. 015, 22.
9797979 9119119799 membra 9999 91997199791197 148, 17. 371, 10. 398,
797991 404, 21. pompa 97199999 11. 471, 8
9919111 014, 34 (91. 897117471- 7911999979’οΠ43,4
1411191191Ξ”36””’1”.”17’1”, wau& 21111 1” 9. 9171114 ’2177117171734119479797
fulgebant 99191719 97919119 (de nioqnid 195991979177 (19719) 0 11
71199975979999) 0 15, 47 {aa
991171 (1. 9. 99959979) ubertatem moderator 352, 22. 374,2
anni 20, 18, 919199 amicitiae 113, modernae 68, 24 373, 3. 411, 25,
22, 99114. 23, 252, 10. 91. 101, 16. 413, 9, 418’,3
162, 14, 228, 14. 392, 16, 425, 7. 528, 99191971 079999901833, eloquia
20, 9917199 99799779 126 6 260, 24 2628
metropolitana notantia 341, 17 modulae 61, 9. 124, 3
999919 nobilitans 886, 3, diligentiae 799199 9979799 188, 25, patrimonii
404, 23 201,1, 9 99119 auae ualitudine
799997979413, 17 (11999919199451, 10
991 91 97179171 e. 9797979977 99119999259, 12. 505, 14
79199 0 11 163, 4 momentanea 997 342, 15
”mon 7.
1119259319, 910’489,’ 27. ’0111325 ’1119711429 391. 464, 20. 479, 3.
79 9
91111979 911991 791 1, 9. oporam 7197999991997 Latiaris eloquentiae 199979
9197197981 41, 4. 47, 20, 51, 16, 13513, 9917191911999179115,
51111, 6’4,21.78,3, 8021182, 11,’91Ι9791,11199.9.315
19. 9320. 94,14.’119,12’. 1235. 7999199 1. 9991999971 91 99997391997
131,1. 158, 3. 161,1’0. 167, '21 99177999 summorum montium pla·
222, 6 245, 7. 261, 12. 262, 24. nam 1971999 91111354, 24 (poi-
271, 2. 310, 3. 315, ’2, 321, 12 21. 97777 1991197779 79999 91191777 cet
3179193244 4248472917. Aaron 9797 9999 af)
4364.455,24.,.,443200112291 praeter ”099997. Are Hamil 44.
7919197919.999155,2491.49911979987719999979171Π100
ministeriam 99919799 38, 10, de· 99991797919 Ι79171979 119, 2
99119919 127, 17, 1111979799 258, moro 19. homo italiae 0 ἸΙ 1222
18, 91. 2224, 30511. 319, 10' 9971717199 249, 25
37617, 32519997719797119999 mordetur hiatu
9191917979 9 offentonam 15, 6. 012142 anchora 997191 9179999
60,13.85,12,1,205.205,.’136113’ 9199018161748919917
ΗΠ31111.,1111111.111...1.,“’1,7..1 3311111131111171111113
919 99991 ampla, 9999179721 370, 112,” 2. 9999711911971791971991117919
18, minor (99. aetate) 409, 6 9991999999 291, 10. 91. 44, 23, -
minutiae 99919799472, 15 19, laedere 18, 15 214, 8. 335,
minutissimi discussores 53, 25 24 412, 19, 451, 4
97199979· quamuis 19 9197119719 119 mortae 38’6, 11. 473, 6
publicio 79597 79199991 175, 13, 997979 999979779 425, 14, Pedani

 

