’104 19191

599, 8539, 1091.191991(1’.9. 1919919191111111991435,81
119. 91999.1......
33,.91 ro' 91191119 contemptum 19191911119 393, 94
1919911919 191919 9911919 necessi· 19191111 epem 19119199 G 19, 99
1919 9191191991 199, 19 191991119116,99.9959
19991911119 999, 91 1919191919 1919199 9,6. 193, 25.
rescindere 1991119919 119, 18949, 93113
91, secrete morborum 994, 90. 99- 1911999911199199101 9,10
991119999919991119991199911191- 1911991919919119111 retium me·
111111911190111985 91191119135,...5943,96954.11
191911111 (9919911191 codd.) illi 19 903, 1. 319, 90. ΟΠ 51,1 11
119111911119 professio (19. 9919191 101, 3
11191919991111111 eorimillumuprue· 19111919119950, 19
999111 propositi repellet 9999119-1911119119 943, 5. 939, 3. 319, 29
19111961, 4 431,13.15.493,11
1919119119111,13 19119. 9911 hoo ueterum 19119 priu-
19999919 eulmine 19 angustissimis 91911111 19911 343, 1. 9111999 19119
tuguriis 960, 3. r. 1911919 49, 19 imperatorer 368, 4
199919193314. 94,9.194,18.195, 1911999111 11199119913, 19
19.939,9591.191911911991191191911111495,9
19911919 9011594410 11911999919159,93.493, 11
19111999541.110,1.199,1.910, 1999199111 9919315,90.19991ω199
19. 969, 19. 3131. 4181. 435, 991, 51101
...819191 991. 191 91, 11. 199, 8818188118 11818118 181ῗῖ18819ῗέ
9. 116,14 166, 5. 99. 159, 16. 163, 5 991, 90. 940, 9. 945, 95
159, 3. 133. 6. 13911. 190, 90. 9481495493-919991191119991·
9091519114. 9341. 935, 95. oenoe). 909, 19. 311,12. 350, 31,
eod. 9. urguere Ι ¹ 1919111430, 13. - 1999119119
'Qud' 9111919 99919 19 rreum &utonem 91111919 911, 19. w.
1999191191 9111919 33518 199919818181891888949. 18353, 9 319 95
reponere hymnis 381, 94 1991919991913,11. 931, 19. 35199
’81111181181381 8111818111 1111811898118888 8888
93, 965, 14. 905, 95 33413450,1119191.9.191991919·9191119111 11911
19. 469, 10. 91 919 respexit 1911· 1199 9919991999014,45. ridente
281 444 444 11, 1319391181519111
16. 49, 99. 9155. 991, 15. 931,9. 911919999011 134. 1119119111
959 dlii 300, 90. 313, 99 9111999 011983- 11191111 tuus
m 08111191818118919818119111981119311- 1198191919ιῖ 981111119119 91191191495, 10.
19119131, 95. petitioni 19999 pe· 99199991 99119111· 1111999119·
terne pietate 199 91919 990, 95 011,11. 19 9911189811 119119991991
ig. 6298,35. 100, 1. 156, 99. 913. 1111191919 1119111119 01131, 3
respuere 1899. 9411191199118481499818118911 88811181118988511881198889118181181111,18088
1089819095199815515.11991(1’.9.11199119) 991111 iem
119. 44444 ¹2 ·······
restituere 91911991 91911199 955, 15 rimone ppu 0’15,39 11, 35.
(oid. reddere) 9191191198 ,91 (et⁴ 1191. Su '114
restitutio conloquii 31, 19. es. 940, 1916)

restitutor 93186 1119199451,19

 

