’(12 Iudex

-0111111111111111320 11. subli- 23 01, 2, 5 11 33,, 3 - sub·
affige 66 15 1111 11111111 3, igin} ι ’,Ἃΐῧξᾟὸξὲ 31,
11.34,,2551.,,.554,13139 951,1.413,11.414,24435,11.
101,5.12025.,.,135121011. 43626
233,16.19.-1111 iuter sues 111111111111161111111111316. 10
1111111111 30,9.11.103,1. 331, 11111111 1111113910.ιῂ 115, 5.
16391,Ῑο 430, 13 1 pubiise rigore rue 11111111 132,
11111111111455, 11 311111111111111111 43,. 3. cs.
111111τῇ1 (11111111101111110 331, 5. 1111111111 1111111113-
1111111911113ἓ111111911ἕξὶὃ1121151.1[. suffiffi’uisa' scs 1286119111 fuges
2616111111111111336,131. ¹:¹ng 11111111111111ς14141916351, 12
61119166ὴ666611918181111ἓ111999114. ο,0201899961 re 1.2,1 731861111161111116919.
302, 14 q. 113111111311111111111 433, 3
11111ο11111111111211,14,11111111 111111111(1.1,11111161)111111111 23,
1111111111111111112433111- 4. erigi 1111111111111111113621.
mereo 1111111·111111111 11111- 15, 23 122, 21. suge 1111111111
111119166111183921. 1146125, 1. 231, 2191 6109166ι 21438333. gs 931, 39.
2231216 413342013414, 313,26334,.2143),15.441,13
21. 484, 23. 0 14, 35. 1113111 subridere ebrium 1111111111 35613.
1111)11433,.5011’12,.611.Π efil9iwbuduerssriunreguieui
111, 13 111111111111111314,5
subornare uenenum 0 1 9, 36 11111111 iungit temporibus tempere
{ggpffitgtoerepeffiulffum obsequis 33, ..1619120111 sudum 1111111131, 16
19,11111111312,22 34,5296,.22355,5..11’35,16
subrep 111 31,16.139,15.188,26.119,1.439,23 1
21611. 433, 24 11111111111111 444, 20
subridere 14, 16 113111111140), 20
subripere pro subrepere 1161111 fere suffrsgiume‘. auxilium, opes
ubsque 11611111191111 13. 32, 25. q14, 13. 16, 483,

subripere: euectus sermo pretium
subripuit 89,1. 1619, 12. 23313
333, p10. 43111111 eruut ie-
ffirends subripui 2462111111
111111131111111 subreptumq 141,
10. cf. 333, 14. 500, 14
subrogare dexterum 1111111111 umeris 411, 3. 436, 25. 43619, 013,
9311. 1111111111111111111 111-53
111111111111111,111111111111111· sufficienter 113, 9. 231, 11. 2011.
1111111861 4152 81111111,111161,19.113386έ16181931112ἰ11111111111 30),1
101,6.163,16.188,13.23’1,3 su rere 1 nurture, 1111111111
490,16.1’.1.111111266,,21411, ,25.26,8.,4220.15,..133,11
21 103,3.400,13,1’ q 1111111 316,
1111111111 eor ruiis 69, 3. 161, 2, 3. 391, 6. 401, 21
1111111 231, 4011111111] 129, 2, 111 11,.5 1022. 16311. 201.
redibis (1111111111) 121,’ζ11,.308 22. 394, 81
reeepbse ualitudinis 151, 141111- 1111111 9331
11111 114, &humilitatis 1533111111 semiue 0 11 61, 6
1( 141,.5 2839113118. 334, 1111111111111113110.1,196153,
14. 33322. 43314. 4109439, 3,111ςί1111450,5,11111111111152,

 

