uerborum 51 locutionum.

5115551115.11555115110155 pur 5155
5154535525 strepitus 5155 155 15151
5515115280,17.380,,22428,20.
51100051158 15115 3931051. 016,
88. Π 15, 10. stringere 5515150
1149, 2. 11 384 uon stringunt
5511115 5155151511 4082. 15 55155
uerbum 5111551111 0 I 19,15.
stringitur 15 prolem 5551555 pur
5555551550123, 5111515
(51115) 15515 15 5115 111115.
mmmm‚ss.ssssff
184,21,οΠ3,15.5111511511555
551515 82, 18
51110515 5115515 529 7. (uf. 7515 ,251
Π1 27). 51555155 011105515 892, 5
5111051055551 murmuris 01 13, 20
’013“..”.ι3031“11141008
50111 555 mittitur structura
1550155115 31 , 351, 430, 22
00012001000110000145260057 origini 444,
51222152555511 55551115 287, 27.
51101551551 (an 5150155571 1511155511·
5511511 5115511115 15015551 267,
11. 51501555 0111555115 403, 26
201311113113011301 ¹3:
studium silentii 555111 productum
143, 18. 515015 55. 51551 172, 8.
208, 23, 275, 1. 413,1. 51154515

1155515511 5151 15111151101551
555 551115 420, 0Θ
5152515· 5. 5. 1511511 14, 3. 019, 38.

I 3 14.Ι113,9.1’515155515555-
055 055515115350, 12. cs. 13, 18.
353,.1 357. 21. 416, 11. 524, 12
stupor 330, 12, 361, 23. 439, 8
51555515 450, 23. 500, 3
515515151372, 13
5115051115. probari 40, 8. 120, 28
55505 5151457, ll. 107, 23

’ 00100οἪ 0500 0015105555 15551115-

1555515,5555555 uel 5501555551551
11 1515 5052551511 555 555 51511·
15115 1155 1515511515 perueniunt
21, 3. 555 555 55555 555 5115551515
47, 23. 1515551515 555111 515 51151
dignatione 15151515 35,1, 11515
51551 5515111515 5111105 mu 50-

711

233, 11. 238, 24, 241, 248, 21.
273,17.281,1157.
555051 ,1511051015 51515151 181, 12,
2115113511118
5150515 150, 21. 470, 21
515015515 conloquia 41,10 5138,
,5 uuu ..11
183, 20 ,,20 479, 2 019,
92. 0511511550 5150551 500, 20
51155 155 5511151 51 nutu 555055151
222, 323 membru 551151 subduxerunt
subfundi 5155551555501580, 13
subiacere 12, 17. 13, 24. 39, 1393,
1515
222,2,.46512 4721349912
5551501155. 5. 5150551115 75, 2
5551511555 mimum 55 55555. 5. inf.
1510. 5. 51715515 et 5, 1511551555
5501516065555 1511501319
555115 5555555115 5515555111 8, 6
51511 555511 mitibus 72, 20.
510οη20. 103, 304, 7. 403, 23.
435, 2, 551550 5115155511 245, 3.
us. 288,1. 0111, 8 5551550155
253, 10. 375, 23.
5151105515 55155 30, 26
5151515151 051115 1155511555115555-
1555115 443, 19 θ
5151151515 79, 22. 30, 14, 105, 25.
33813. 37418 405, 20, 51511-
515155 200, 15
5552515555511515155 muneribus 9,
13 cs. 112,1. 182, 8. 51511510
1151551155 511 157, 5.- (55515)
5511111515 37, 18, 35, 25 71,19,
87,11, 88, ⁹11. 100, 21. 111, 21.
114, 5. 118, 2. 130. 3. 17314.
183,20.229,.9,,.2515οΠ107

 

