191691119119911191911, 705

19619119 precator 99, 10. 1919919- 999911111, 99999191. 1119119 319,

matiooee23,6 14.014,6Ι6, ,19,86Π
9199919111919919 2 96, 4. 9999119 9919119919 453,
Romana et 1111111111 artifex subtilitas 22

180, 91 nouit stridor 1191191119 C 1 1819,
&malea calliditas 96, 90. R tegee 9991191119 m ambito 268, 1. quio-
011581 91149991191191961199499,94

911919..,113611 ”’11311111111111 ⁴⁰
etora rorem 0 11 11, 9 91119119,418 6 9 lamarogaxt)
19991119 408160 11 77, 3 19991Μ991191988ω6. sagaciaeima
199919011101.Π44,8.Π6139911,936014
96911199 monitante 9119919191
g. 111121400'13'11124'10 9999999999 Ψ 9925999149 1,3, cymbm 9919
rare
19191119 11119190 11914 99111699 uerborumel ιιι ’,.1309 904,
1919161999111901181,3 ¹ 90, 315, 11. caiti 19 meritorum
11111”1’,,111.61ι c ,19991111 ¹
1191911199 qbloep homa 449, 6. ructen- saluedebitudr 76‚.4 99119 11999643
1199ΡΙ91119119991919 464, 5. cf. C 99111911 11991996,499999”99.99119
II 1414 t 9. .9991199 3815. (Epiphaniam)
ructatio 189, 18 9119991991 9911119 (1 9111111911)

11911935, 90 303. 93 aliquod signum adtendebat 331,
rudimentdm 916, 21. 385, 19. 4486

196919 9111196119919111919598 9 salumin 4999441911

rum re silentia 81, iuria CII salutationem dicero 17, 5. 61, 90 cc
,89999919 admiooc 19,11,99’91.99919’99
rupta 911 ultibus 9911991911941, 1 ulutatum 36, 7. 49, 8. 82, 8. 88, 9
8818918948, 9831191111119 18818, 88111 9198) 97 113 ¹41 161 16
19511 199 8· 2⁰⁶ 5 2083. 991119111111111154,891119191911
453: 20 1. eldquium 66,3.115,1. salutantis exhibere w, 401,
9919996924, l1367, ..18 111999911911-91181111191193994, 21. 411, 13, 4981,

9091141111456, 10521. 19· 99119 eorporis ualitudo 61, 15. cf. 9,
rutilare 99. 16, 119, 1. 919, 9. 916, 1091
18 01110, 10. 9999199919436, 90
9999119999 1541,16.306,90.494,19,
99196199 dc 69999999 coarcto 191, 91.
Secoroooe'. 9, epiecopus 49, 3. 999, 136, 9913919 19 939 3 .-
9. 305, 95. 356, 9 99191119911191111119) 182, 14. 898,
9919981219991149Β 911295 391, 13, 341, 14 9998998. 345, 96. 360, 19311,
ι · ι
sacerdotium 193,16.344,91,531,9919119 111. 9,1911111945,3.356, 4,
99 368, 90. 313, 19, 31419 389, 93.
sacrarium 1111199111, libertatis 9996119191156,93,110,19.918,
3985 94,,.9919399.909,6.,,3619
secretissima urbe 16811408919911911119911991111 389, 93. mota
99919119911119 9991191199 431, 1. 9111919118. 99119119911119 14, 6.
999119199169119 35896 189,10,188,16,Ἃ1,3,411,11,
caedulares di itatee 18891. 46, 414114998
91190. 411.190,8,196,4 911919959999691996494
93410 953 95 3105119613 Π16,891
403, 9, 539, 6 991119919611111391, 9

71. 46

 

