686 Index

11110115130111 ’1”1’1””1ὀ 0131111 1111111 ’1110111οὀ ’,51’ ’1’.’5’.’·, ’0
51111515451151532513 54 18’343,.33’80.22 15,,81.
53,.1018’2,’4110,3521,8’14.111’11,..5Π86
11515151111511184. 11 11515 55 11111115 5115111511 53,1,1111511
situm 354165111515311, 13 1453 ,18 5151111 180’, 18 54346
mox 1. 5. 11111115· scripturum 15,10.12’, 21. ”,11 1. 288010.
11511111151511115111,1511111111 22. 3764. 446, 20

208, 1. 54 313, 11. (1 66,6.111151·1111151111151331111511115
mox 111 345, 22. 811, 13 (54’· 111- (15. 1151111515)11551115385,61515
15155 211, 20) 1515515115 151111512, 17. 151111
11115115 animorum 55111151151511 11153111 cqn 85, 4 ἸΙ 143, 6.
111,,4 5115,15811834 111145 .15111155’,(1Π1436’
111115515’51151511 55111111 335, 24, 11111155ι1111111111111121,15.’218 5.
5151111 88513. 54 138, 3. 42314, 15111 1511111111 51111 ’,141 23. ’54
463,.23οἸ8,42 105,..,’.25164,118314225,8
11115151511111 51511 seimus 11111-261,’3.314,11.410,1.444,15.
51511 (i. 5. muliebrem 1111551111-1111111 551511115 155151 151,18
11151111 1115515 1151151114, 30 (54 15511111 315, 11.-1115115’151-
ue. 31) 15111 (55.115111511151115115) 4283.
multiplicare 14, 6. 86, 18 64, 24. 31, 3 54 8511111111 11111. 5. 4
multiplex 5511 ’115 51, 3. 81, 16. 11. 1115115” 15, 2

11155 1115 113, 11. 111,13’. 54 86, 111111155323, 3. 313. 21. 461, 8
12 ”166, 22. ’213, 28. 351, 12 1111115111 1111111111 ’15351 (1142
11111151151151234,’8335,2’ 11111111 1551111 1111115111 studia
multus inhaereo ’eommondttioni 103, (1 Π 31, 2

12 11 1555 (155511 11111111 11-11111151111 1511115 40, 3. murm
511115125, 18. 54 114, 1. 201, 5. 1511511 210, 3. 438, ’21

228, 21. multum 15515 1515115111· 15111511 111151115111111 (1 I 10, 28 1.
1111155155η111152,3’ 11(1”15,3. 1151141811.
mundanus ’32, 23. 383, 21. 831, 20. 30105, 31. 1111111 1 11555111
431, 8 380, 21( (5 41515 ..151’1’.1Π
1111111111515111130,11.41,16.1586. 8111. Theb. 14111)

16513 5431201202011181 111111425,15443,1.(115,43.
111111511380,16 16,.21’1,.’,34Π111
0110111, 7 ’00 000 00 000 00 0 0411110131ξέ ..1031311011

111111511151115111212, 16 uidete, 151115 51111 1555115115
1111511115115105,2.54’.(11132,3 1151111 excusetis 312, 20 produxisti
11111115511115458,12.11. 1111111 11115115 15115511,15 15115 eon·

0 Π 66, 8 11155151 333, 20
musicus 111111 520, 21 1511155111 5515111111 236, 13
1115111115381, 10 155 1 51 uidam 5551 5151111111
mutare 11115111 5511 1115 41, 2 51“15551111·511’5.152,1.113,11
5111111 15 11111 ,18 115155 113, 1. 183, 11. 214, 2. 231, 6
1111515 (1 11 14 6 243, 16. 2111, 11. 114111 23312
mutuari 5155111155511511101,1ο 341, 22. 343, 15. 313, 15. 4688
mutuo 15115 5115511115 344, 5 431’,28. 01’4,11.Ι’8,50. 111.
115511548411 451. 11555111 21, 21. 1551111313,
mysticus 3431155111. 155 11 352, 3. 1551 155 211, 18
ω]51511111231,.1224423..416,151 22111.268,2433,3(1110,15
15515151354, 8 1555151115
5551 15 213, 31 135, 21 2118
Nam 5111115151. 5. 511511 268, 24. 262,11.0’13,1131’1
382, 5 15511111515151111141, 5. 4813
11111115 15. 15111515, 5151151115, 515- 222, 24 23115. 3114133314

 

