15155115 5115111155151. 671

111. 11.

gadibus (1. . gradatim) 55555115 555115151 11511 202, 20. 341, 13.
131221111311511 5111111111 bons 958, 10. 428 4, Lirinensis 183, 4,
1Ψῖοῗ 1111111111 13111111 3333 1111111191151011
11155111,15115115115511111515 1151151 5551515 sd 1111551115 11155111 011
sd 51111 555551511151551515 455, 1 81, 10

111111511502, 5 5111511511 322, 5 51.

3111115551 11, 20. 329, 3. 342, 9. 551151111515151 0 19, 155
390, 15. 391, 15. 39215. 413, 22. 51151515. 15111511 propositio 290, 8
01111113 5115 34111)

grsndssoit 111111 406, 4 555515151 (5151511515) 55151511 15555
grandisonus coturnus 018, 51 (51. 15555111444,22.55551151111515151

1151151. 0111512) 31,8.51.1155151115283,90. 380,
grassari 1511115515 281, 1 10. 413, 20. 1151151115 11111555 89,

1115155151 1 1, 1. 188, 25 23, 11155115 66, 18
31511515 5511151111 455, 4 55551515 55155155 293, 1
grossiori (s'. 1. 511515, 111) bons- 15111515 336, 21
115111 61, 21, 1151 1151511515 92, 55111155 551515 01 1, 50. 55151115
19, opinionis 1555 411, 10. ds puro (15. uiridi 551515) 1515 C 11 10, 3
,11115115 144, 15. 51. 13, 20. 115, 5515111151 1115 25311
21. 431, 14. 111551 115 11111551 551- 5515511 (ἔρημος) 83, 14. 389, 11.
111151151511151 ,1 39018 ι . Ι Ι · Ι
8151111111 5511511115 10, 10 5515111111 5511 (1115111111511 15111-
grossus 1. . 311, 1. 381, 18. 1511426, 9.
404, 4. g 43, 2. 11 44, 1. 11 55155 nom. 431, 4. 413, 4. 285, 10.
1511111410 ’51οᾶ11311ξ5115111111201318 115ῒὲ551115 515 miso·
.- . 15
91115111111551111211, 19. ’ 11511111 abstinens 15551 51151515,
gustus 11511151 60, 11. 51. 210, 24. ,5115115151515515 10619 Ι
11111οἰ1191 18 5111111151511ὴ1551511111111111 1115111111
ns . s ss 15 11 1. 5.
1811555115 1111511115 454, 21, 151511· superbispsffloffi, 14. 51. 2, 8 —-
srum 4, 2. 51. 46, 21 5151111511551 55551111 morsus in·
H h hm him>¹¹ 11311105 1111 1155210, 18. 226,
nffiffipffigsdgflunffinffllel' 12 21211ν 21411, 14618112οἳ581111154111115711
1151111580 ..Ι α’ mantio I 8157 11 511118 71510 55111515 1511511111
: n n 1. . 2
’11515111 1511111 11111. inosti 1511 1111 ss. 119,
1551111111515551155115515111111515 11. 131, .160, 161 15185.
22,16.»51.34,4. 55,13. 2416. Ι1.2,64,15.2112,3.390, 18524
11, 16. 88, 14. 88, 24. 11311. 51551. .11555115111115551151 95,
118, 3. 303, 14. 501, 22. glosis 10. 1 ,12 235, 13. 250, 4. 294,
5155155 (1155515111111151151οΠ 22. 5155111 uod 481, 3. 551555
42, 4. 115115 511111 11511511 111- 5155 gsris ,(1 11851555155155
111115 15, 3. 51. 53, 23. 10212. 311, 5. 11155 udon mso 155511
136121. “ss 1111111 1115111 (1.1. porri ο 105, 14115511. po·
ἓδέ111151151 51 5151515 5111115111 histo&⁸ 1 151111Μ affl, 6
1151111ζ11ἳ1111111111ξ111011 inoffi-55 {os 1. 11111 111, 5.
- 155 5115111 .-
555 5515555511 1111511111 108,2 omullus 1 ,1. ,
stup ’ 1 Ι51155 111111
5 11151115 150, 1 55515155 9, 5

 

