, oa.ef.ooa‚1

1111111111 11111111111111. 717

nbi (=quo) pro 1111112639 11111111 iq. inania 323, 21. 331,
15111111111124 ,23 9. 398, 1. 490, 20. G I 18, 21
udo animorum libro fotura nobilia 1111111111 444, 23
innota maritatur 19, 13. of. 447, angria 1111111313, 1. 111 nostrum
11. uda 11111 opatia 425,16. 11111 11111511 1111111111· 322,
uda mittnffiinina candidatos 828, 19
22 1111 1111111111 11111 ‘inore
1111111111 II 128‚1 1151111 (1111111101 64,3
111 1111111 ,,
1151111 uirtutibus 0 85, 10 nare 1111111111 390, 23. (1111111 noro
111 = 11 19, 9. 25,11. 26,12. 38, moi 66, 1 (1111111111 1111111111
15. 46, 14. 49, 10. 53, 14. 54, 15. 314, 4). nara aio-oontingant qnia
55,1. 66, 2. 99, 13. 105, 8. 111, 211,2.11’3.1.1111
10. 111, 21. 125, 24. 16213. 112, 1111111111 festinatio 194, 25. 1111111111
19.164,16.114,14.115,22.138, (1111111111 oola) transcursio 219,
23. 240, 8. 350, 26. 11111· scripsi 20
31111ῐ1111111111ἐ1ἑ1111111111ι111ῗ1111ἰέῧ- 11ἱῖ11111121354ὲ121 ξ(ξῚΙΊΙΙ, 23. I 12,
,1414511111 1ιῖ 11111141 1ιέ 1111ξὲ9111 11 1111111111. cf.
titia 111 11111111 angono oonlationo 4 , 8
suparatur noluit spondero 111 111- namara 286, 1. 333, 12. 416, 3. 418,
nima (i. 1. nominima quidem) 341, 19. 424. 25. 433, 6. 45111101
11.11’.119.16.136,5.138,22.140, 5,10.Ι9,14.110,32.1132,3.
23. 178, 24. 251, 11. 404, 3 410, 1111, 1. Π 83, 9
13. 416, 1. 48411. 49215. nol 1111111111111111111234,19.11111-
11 185, 8. 413,17. 490, 18. 504, 9. 11111 1111111 torrae 0 Π 35, 3
oi 111 mentiri 11111409 24 11111111 q. 111425, 11. of. 0 1 3.
11111111 53, 10. 93, 24. 121, 1. 396,5 19. 1 4, 31. 128 (cs. Wooliilini
111111 simplicitate 389, 10 quaeat. (11 latinitate Caaoii 111.
1111111111 331, 2 p. 887), 1111111 1111111111 522, 2
1111 loqnolao 48, 24. tota 11111111 1111111111 motibus 0 1 11, 5
1111 1111111111 314, 23 . inaniloquus 0 I 6, 36
uolut: 11 uolut sort. i. q. 11 ai 0 11 11111111 rhetorica 28, 2
18,5 111111111111014,28
uana i. q. indoles 241, 12. 436, 3 11111111 4324
ueiiissl'lno 11 ⁰⁰⁸2? 71⁶'11⁰111²⁸5“⁰2¹o⁰⁰7”⁸³³' ὅτ’
uenerabilis 65, 13. 11, 21. 91, 20. 1111111111111 17, 25. 269,15.Ι
123, 10. ι111, 21. 319, 6. nanora· 2211ι 15. 30015. 336, 26. 343, 16.
51111 1111111 241, 24. 1. munus 3624. 381, 19. 420, 10. 426, 21.
81,16, nomon 110, 4, 11103111 431, 3. 438, 2. 414, 18. 418,6. 0
112, 19. of. 136, 11. 216, 16 II 109, 8. nonnum solidata 11111-
1111111111 32, 23. 38, 11. 39, 25. gia 132. 1. ouootigio iq. 11·
123, 3. 196, 18 210, 9. 234, 6. templo 311,1
241, 6. 400, 8. 421, 10. 42412. 11111111 murico 1111111 C 19, 141,
434, 15. 441, 11. 415, 2. 4. 416, 11115111111142810. 111111111-
12. 480, 24. C I 9, 86 11111411, 10
1111111111 16, 16 111111111111 01 14, 19
nonoratio tq. 111111111111113438 natoroooono 39, 4. 44,14. 13, 6. 18,
1111111165,24,13,11.86,12 . 5. 253, 11. 411, 22
nontilaro caritatem 112, 13, dootri- 11111111 215, 5. 410, 12. O I 18, 9.
nam 201,11. 265,1. 11 animno 11111111111101119,3
sno ioionibna nontilotnr 90,11 11111111 110 Π 106, 2
111 ’ atio mnltinioium 1111111111 20, ἰ 111111ιέ11Ι 1ξὲ 369, 9. 390, 8
11111 ,

 

