uerborum 1111111111111. 669

11 11111111. multitudo 812 16. 111111111111416,24

1112111 11611111 1) 1111111111 111, 11 ruffi 1912 1166 ’ ω’ 410’ ι Q

1111111111 1111151111 1111οΠ 129 111111 1111111111 22416. 1. coni-310

111111η 1 1111111122 11
1122121111,2111121121122211
{53⁶¹ . 11ὂ1ἒ11ἰ164ἒῖ1ἠ6 115Ι Β121ἂι lg. 1111111111 111 481, 22 11.
22 ’11112122 a· 10
4ῨΠ141Ῐ111,114111’12“12Ὓ112881 ,191111121101111411 “
14124. 111111138225111122, gemtus 11111 425, 11, g. que
5. 335,,1.-1111111.ι1111111 1111111 2111111111466,2..-,11111
12111199119122111 1111ιοό b¹⁸⁰¹¹¹⁸ “m ‘¹¹⁸¹‘“⁰
2113,ῗέ 1131111111111111 111111 1111111111. 11111111, 1111111111

, .1Ι. 128 ,1111 91,11. 1151111 101, 10.

fructificare 425, 11. 442 22 9, 5. g. 11111111 321, 16. g. 11-
1111111111111.1.11511182,23. 100, 1111 11111 pugnativum 866, 2.
11131161ῗῖ1111111111 {s 1121242512 1415211151ιῖ66 ’
frustratur 1111111111 59, 16. nullo generalitas (1. e. 111111 eommunis)

111111 frustrandis 1111111 269, 8 11111111 65, 24. -11, unium
111111151111111111511111 43,18 51111 ul 1111111111 homines
113111111111 68, 1, 1151111428, 24. 1 , 2. 142, 28. 256, 18. 261, 6.

- fugax (11. 111111) 8211. 826 211, 10. 281, 4 810, 15. 408, 11.
fugitiuis 3111114124, 18, potuim 846, 469, 4. 469, 11. 411, 16 .

19 generaliter 6, 22. 365, 11. 438, 3
11111111 munit gemitibus 488, 11. 11111111111111111 12211, 11111111

1111111 111 446, 22. 1184, 5. 3024 286, 13. enatus 281, 11
111111 1111111111 O 11 19, 5 genoratio 1’. q. genernliiu 184, 1.
fulgentia gemino 1111 1111111111. 111 111 mentionis abdiderat

1Ι. 122, 15. - 1111 fulserit 11111111 130, 2

311111 11111111 1211131112 0 I genetrix 212, 22, 0 Ι 6, 25. 1 9, 93.

, 165. - 11111 11111 11 (111 ’1 11111

BV) 1111111111 213. 1111 111121 genitalis 114, 1. 311, 11. 466, 21.

1111111 1111111 lingua 0 11 11, 3 520, 1. gemuli· 489, 23 (111 B)
fulmineus 11111 286, 9 mim.- in 11 1111 1111111111 89,
fulua 11111111 (11. auri) 0 11 41, 2 15. 386, 8. 11 quo 1111 183, 12.
11111111 131, 18 891, 10. 111 quocumque 1111 4418.
functio tributaria 486, 11. 492, 21 166, 2241211. quid dignationis
11111111. ,111111 111111 401, 23. 0 1111111 11151111 184, 25. quid 11·

I 6, 2291 9, 89. 11 13, 2 11 24, 111111111111111238, 22 1111111111

2. Π 125. Π 80, 8. ΙΙ 1221 1111111111 iniunxit 111, 24. hoo
fundo nora 1111111111 238111. 5111111ἰί 209, 8. id 1 111 384, 9.
1 Vebrg. 11Μ1111119940 26 iwuffi'fiiiggs’ffdi 'q'fflt‘laer'it
1 11111111·

1111111111ωό 11 1111 111, 1 ⁹ iiii 1111111111 111. 11. 111111
111111111111 1111511500, 20 1111111111 genuerit 345, 21. quid
111-1111111111 11110 11 101,4 1111111 incurrerim 126, 1. quid
1111111111 aliqui lectitare 9, 5 11111111111481,8. quidquid 1111

 

