654 111431

3331313131333131331 31311313 (licto 13111 (apostolis spiritns 33331313)
coicum 3311133111 01488. 3131331 0113,14
iniongum 3331311817 13. cf. 819, 3103ωᾶ867, 13. 879, 81. 019

13.11311131313313313 111333’1113’19,6 1111313. 11
313113 31631331 contrito (1. 3. 31· 136,1

311333) 3371314113 39614133 con· 33133113ἐ33773132123119114, 14. 118,

’,134888 8856311
3331311311311131333313131168, 84 33133333385,3.1,599.848,85-

3331313113 34, 85. 48, 17. 115, 80. corcncm oncino (1 3331111113)

168, 18 innnmcro floro 3311111876, 29 (31.
continuatio psalmorum 803, 85. 331 0313134. 731, 14. 119)

continuatione 31333 ntos 858, 8 331331111331,1467,1868,8. 118,
contradere 3311313 ,80 (cs. 7131. 9.161,8. 177, 6313.

711. 3.131 4) 3313311133 333314313631 3333131-
contristare 680, 80. 366, 85 soleto 3313313133 communione cnl-
333111113390,88. 68381 3111133311
οο3311311313313 137,17. silentium co rons 9648. mss 340, 4391,

quoddnritsrinqnsdnm 134133 con- ¹21⁰

nclnit 84, 9 corpus corsi luminis 418, 14. 331333
33333336131313011845 conncnsc innocui 13333411 481, 19. corpus

35615 mortis 113133 395,16
33333313 13 1113 sinceritate 88 7 ut corpusculum 38816

conscientiam 33311313 obsequio pc· cortinae 1314

31333 3333331133 37, 16. cf. 157, coturnatos 888, 17

13. 447, 7. 448, 6. 33 63 amoris 3313133386, 11. 89, 84. 4645. 01

testimonio 3313131113 3333331133 8, 51.

66, 3. promissi tc memorem esso crassitudo montis 380, 10

33333313 803, 6 397, 84. cf. 844, cinctorio. 31333188,3.880,16

14. praelatos 3333331133333133113 229, 80 l, 19 83681. 46617.

ἓξὶτὲὴ 3111311113 868, ,1οᾰ crctrcc 13 ἓξὲξ 32 447ἑ)ἐ 1168 {g} 8564391ξ7.

3838111ῑ8188131111ἰ1181 6.οΡὲὲὲῖ 31343133 313411 subsidium qnod 333·

conncntus 3131313 487, 9. 444, 17 1 3111313111 830, 8. 131 311 313-
conuontione corporis 1331331 33331311 41131 19814, 3313 nngennns mci

311, 83- 3333331131. q. 3331313 3131311 415, 14 3134333130111

78, 21. 897, 13 3113333 54, 80 65. 8. 410, q15
3333331333.1311331333413 con 313431113359, 16. 389, 19

181181118811 1311311113· “⁶¹²³

13133 434, 16. cf. 81, 81. 8319. crocus 506, ,014,118,Π150,7

74,l6.127.14.166 17. 165, 7. oribrsrc54, 85. 61, 18 1

188, 10. 811, 80. 847, 9. 896,1.4 criminosis 1313131331 coqui 31331-

33717. 368, 4. 363,17.687,11.333113313133387,19

398, 13. 403, 85. 45511. 481, 81. 31133331113133 016, 7

50510 31333ω51333878,13οΠ188,4 3
333331311113133133134313316644.31363111313313 133 386, 5

3333313 3311 863, 15 31343 31 or nom cigcrsrs fnctn

33311333313133113019, 169 368, 8 .
co 11 nuptialis 808, 6, coniugalis 3133113 Hyperboreos 0181713

913ch 237, 8 488, 8 31331313 colligitur goninsC 1191,
copulare 311333131311131113331331313 4 cf3 11 10, 8. 11
347, 87 crustati montis perionis 371, 4
331361 lamentationis nostibus 429, crux 01.quss 3131313)ᾟὲ ‘21:3ss θ33111313ιῖ
3131 3
33113311333161311316,7.13333141 30019. 338867, 734818ῳ481,
hnbctis 43, 15. 33163 mnndi con· 29. 471, 16. 476, 85

 

